name: synet
channels:
  - conda-forge
  - bioconda
  - defaults
dependencies:
  - blast=2.7.1=h0f9cf5d_6
  - perl-archive-tar=2.32=pl526_0
  - perl-carp=1.38=pl526_1
  - perl-compress-raw-bzip2=2.084=pl526hfc679d8_0
  - perl-compress-raw-zlib=2.084=pl526h2d50403_0
  - perl-exporter=5.72=pl526_1
  - perl-exporter-tiny=1.002001=pl526_0
  - perl-extutils-makemaker=7.34=pl526_3
  - perl-io-compress=2.084=pl526hfc679d8_0
  - perl-io-zlib=1.10=pl526_2
  - perl-list-moreutils=0.428=pl526_1
  - perl-list-moreutils-xs=0.428=pl526_0
  - perl-pathtools=3.73=pl526h470a237_2
  - perl-scalar-list-utils=1.45=pl526h470a237_3
  - perl-test-more=1.001002=pl526_1
  - perl-xsloader=0.24=pl526_0
  - biopython=1.73=py37h1de35cc_0
  - bzip2=1.0.6=h1de35cc_1002
  - ca-certificates=2018.11.29=ha4d7672_0
  - certifi=2018.11.29=py37_1000
  - gmp=6.1.2=h0a44026_1000
  - icu=58.2=h0a44026_1000
  - libcxx=7.0.0=h2d50403_2
  - libffi=3.2.1=h0a44026_1005
  - libiconv=1.15=h1de35cc_1004
  - llvm-meta=7.0.0=0
  - mkl_fft=1.0.10=py37h1de35cc_1
  - mkl_random=1.0.2=py37h1702cab_2
  - ncurses=6.1=h0a44026_1002
  - nettle=3.3=0
  - openssl=1.0.2p=h1de35cc_1002
  - pcre=8.41=h0a44026_1003
  - perl=5.26.2=h79c3c89_1001
  - pip=19.0.1=py37_0
  - python=3.7.1=h145921a_1000
  - readline=7.0=hcfe32e1_1001
  - setuptools=40.7.1=py37_0
  - sqlite=3.26.0=h1765d9f_1000
  - tk=8.6.9=ha441bb4_1000
  - wheel=0.32.3=py37_0
  - xz=5.2.4=h1de35cc_1001
  - zlib=1.2.11=h1de35cc_1004
  - blas=1.0=mkl
  - boost=1.67.0=py37_4
  - intel-openmp=2019.1=144
  - libboost=1.67.0=hebc422b_4
  - libgfortran=3.0.1=h93005f0_2
  - mkl=2019.1=144
  - numpy=1.15.4=py37hacdab7b_0
  - numpy-base=1.15.4=py37h6575580_0
  - py-boost=1.67.0=py37h6440ff4_4
prefix: /anaconda3/envs/synet

